s1: 4 3.140000 'a'
s2: 2 103.400000 'M'
s3: 6 209.940000 'a'
s4: 8 523.280000 'M'
